[header]
width=100
height=10
tilewidth=80
tileheight=80

[tilesets]
tileset=image/blocks/box.png,80,80,0,0
tileset=image/blocks/center.png,80,80,0,0
tileset=image/blocks/earth.png,80,80,0,0
tileset=image/blocks/water.png,80,80,0,0
tileset=image/blocks/stop.png,80,80,0,0
tileset=image/item/monetka.png,80,80,0,0
tileset=image/portal/Portal_100x100px1.png,80,80,0,0
tileset=image/enemy/1/1.png,80,80,0,0
tileset=image/enemy/2/1.png,77,80,0,0
tileset=image/enemy/3/1.png,75,80,0,0
tileset=image/fire/1.png,45,80,0,0
tileset=image/item/hp.png,30,50,0,0
tileset=image/item/mp.png,37,50,0,0
tileset=image/item/flag.png,21,80,0,0
tileset=image/item/qwest 1.png,50,50,0,0
tileset=image/nps/1.png,53,80,0,0
tileset=image/nps/mess_qwest_1.png,200,100,0,0
tileset=image/nps/mess_qwest_2.png,200,100,0,0

[layer]
type=Слой тайлов 1
data=
1,1,1,1,1,1,1,1,1,1,1,1,1,1,1,1,1,1,1,1,1,1,1,1,1,1,1,1,1,1,1,1,1,1,1,1,1,1,1,1,1,1,1,1,1,1,1,1,1,1,1,1,1,1,1,1,1,1,1,1,1,1,1,1,1,1,1,1,1,1,1,1,1,1,1,1,1,1,1,1,1,1,1,1,1,1,1,1,1,1,1,1,1,1,1,1,1,1,1,1,
0,0,0,0,0,0,0,0,0,0,0,0,0,0,0,0,0,0,0,0,0,0,0,0,0,0,0,0,0,0,0,0,0,0,0,0,0,0,0,0,0,0,0,0,0,0,0,0,0,0,0,0,0,0,0,0,0,0,0,0,0,0,0,0,0,12,0,0,0,0,0,0,0,0,0,0,0,0,0,0,0,0,0,0,0,0,0,0,0,0,0,0,0,0,0,0,0,0,0,0,
0,17,0,0,0,0,0,0,0,0,0,0,0,0,0,0,0,0,0,0,0,0,0,0,0,0,0,0,0,0,0,0,0,0,0,0,0,0,0,0,0,0,0,0,0,0,0,0,0,0,0,0,0,0,0,0,0,0,0,0,0,0,0,0,0,0,0,0,6,0,0,0,0,0,0,0,6,0,0,0,0,0,0,0,0,0,0,0,0,0,0,0,0,0,0,0,0,0,0,0,
0,0,0,0,0,0,0,0,0,0,0,0,0,0,0,0,0,0,0,0,0,0,0,0,0,0,0,0,0,0,0,0,0,0,0,0,0,0,0,0,0,0,0,0,0,0,0,0,0,0,0,0,0,0,0,0,0,5,0,0,0,0,0,0,0,11,0,0,0,0,0,0,11,0,0,0,0,0,0,11,0,0,0,0,0,0,0,0,5,0,0,0,0,0,0,0,0,0,0,0,
0,0,0,0,0,0,0,0,0,0,0,0,0,6,0,0,0,0,0,0,0,0,0,0,0,0,0,0,0,0,0,0,0,0,0,0,0,0,0,0,0,0,0,0,0,0,0,0,0,0,0,0,6,0,0,3,3,3,3,0,0,0,1,1,1,1,1,0,0,0,1,1,1,1,1,0,0,0,1,1,1,1,1,0,0,0,3,3,3,0,10,0,0,0,0,6,0,0,0,0,
0,0,0,0,0,0,0,0,0,0,0,0,0,0,0,0,0,5,0,0,8,0,0,0,0,0,0,0,13,0,0,0,0,0,0,0,0,0,0,0,0,0,0,0,0,0,0,0,0,0,0,0,0,0,3,2,2,2,2,0,0,0,0,0,1,0,0,0,0,0,0,0,1,0,0,0,0,0,0,0,1,0,0,0,0,0,2,2,2,3,15,0,0,5,0,0,0,0,0,7,
16,15,14,0,0,0,0,0,3,3,3,3,0,0,0,3,3,3,3,3,3,15,0,5,0,0,0,0,0,0,0,0,0,0,0,0,0,0,0,0,0,0,0,0,0,5,0,0,15,0,9,0,0,3,2,2,2,2,2,4,4,4,4,4,1,4,4,4,4,4,4,4,1,4,4,4,4,4,4,4,1,4,4,4,4,4,2,2,2,2,3,3,3,3,2,4,3,3,1,1,
3,3,3,3,3,3,3,3,2,2,2,2,4,4,4,2,2,2,2,2,2,3,3,3,3,3,0,0,0,0,0,0,0,0,0,0,0,0,0,0,0,0,0,0,0,3,3,3,3,3,3,3,3,2,2,2,2,2,2,4,4,4,4,4,1,4,4,4,4,4,4,4,1,4,4,4,4,4,4,4,1,4,4,4,4,4,2,2,2,2,2,2,2,2,2,4,2,2,1,1,
2,2,2,2,2,2,2,2,2,2,2,2,4,4,4,2,2,2,2,2,2,2,2,2,2,2,4,1,4,4,4,1,4,4,1,4,4,4,1,4,1,4,4,3,3,2,2,2,2,2,2,2,2,2,2,2,2,2,2,4,4,4,4,4,1,4,4,4,4,4,4,4,1,4,4,4,4,4,4,4,1,4,4,4,4,4,2,2,2,2,2,2,2,2,2,4,2,2,1,1,
2,2,2,2,2,2,2,2,2,2,2,2,4,4,4,2,2,2,2,2,2,2,2,2,2,2,4,1,4,4,4,1,4,4,1,4,4,4,1,4,1,4,4,2,2,2,2,2,2,2,2,2,2,2,2,2,2,2,2,4,4,4,4,4,1,4,4,4,4,4,4,4,1,4,4,4,4,4,4,4,1,4,4,4,4,4,2,2,2,2,2,2,2,2,2,4,2,2,1,1

